Date	Price	Open	High	Low	Vol.	Change %
03/22/2026	23,132.77	24,270.77	24,465.16	23,088.99	1.88B	-3.20%
03/15/2026	23,898.15	24,646.18	24,884.68	23,759.97	2.46B	-1.98%
03/08/2026	24,380.73	24,429.67	25,189.17	24,289.22	1.73B	-1.06%
03/01/2026	24,643.02	24,599.41	25,179.36	24,315.84	1.99B	-1.27%
02/22/2026	24,960.04	24,935.52	25,343.97	24,618.23	2.20B	-0.21%
02/15/2026	25,012.62	24,567.54	25,077.56	24,387.47	1.44B	1.13%
02/08/2026	24,732.73	24,953.68	25,382.84	24,514.96	2.20B	-1.37%
02/01/2026	25,075.77	25,491.64	25,840.04	24,455.40	2.57B	-1.87%
01/25/2026	25,552.39	25,631.01	26,165.08	25,418.54	2.04B	-0.21%
01/18/2026	25,605.47	25,155.03	25,709.74	24,954.18	1.72B	0.30%
01/11/2026	25,529.26	25,616.81	25,873.18	25,266.20	1.95B	-0.92%
01/04/2026	25,766.26	25,471.79	25,813.17	25,354.66	1.73B	2.22%
12/28/2025	25,206.17	25,462.25	25,598.14	25,086.36	999.54M	-1.71%
12/21/2025	25,644.39	25,527.68	25,716.71	25,401.59	868.75M	1.18%
12/14/2025	25,346.18	25,352.87	25,377.62	24,647.61	3.00B	0.59%
12/07/2025	25,196.73	25,758.82	25,835.03	25,104.68	1.77B	-1.93%
11/30/2025	25,692.05	25,232.75	25,827.08	25,158.63	1.80B	1.01%
11/23/2025	25,434.89	24,462.87	25,435.77	24,455.65	1.59B	4.93%
11/16/2025	24,239.57	24,890.10	25,222.95	23,854.03	2.23B	-3.07%
11/09/2025	25,008.24	25,418.17	25,663.17	24,534.90	1.79B	-0.21%
11/02/2025	25,059.81	26,114.11	26,132.87	24,603.78	2.00B	-3.09%
10/26/2025	25,858.13	25,701.95	26,182.10	25,656.38	2.00B	1.97%
10/19/2025	25,358.16	24,991.10	25,418.64	24,652.11	1.49B	2.18%
10/12/2025	24,817.95	24,625.74	24,998.30	24,256.28	1.64B	2.46%
10/05/2025	24,221.74	24,986.26	25,195.28	24,207.15	1.91B	-2.27%
09/28/2025	24,785.52	24,629.02	24,958.26	24,505.14	1.89B	1.15%
09/21/2025	24,503.85	24,588.18	24,781.73	24,186.37	1.90B	-0.50%
09/14/2025	24,626.25	24,178.60	24,641.93	23,999.75	2.62B	2.22%
09/07/2025	24,092.19	23,759.62	24,137.06	23,698.00	1.71B	1.86%
08/31/2025	23,652.44	23,020.47	23,860.25	22,977.88	1.38B	1.01%
08/24/2025	23,415.42	23,454.28	23,741.23	23,353.96	1.67B	-0.35%
08/17/2025	23,498.12	23,692.13	23,733.50	22,959.70	1.60B	-0.90%
08/10/2025	23,712.07	23,629.02	23,969.28	23,484.25	1.78B	0.43%
08/03/2025	23,611.27	22,986.77	23,619.24	22,973.60	1.77B	3.73%
07/27/2025	22,763.31	23,343.13	23,589.37	22,673.88	1.91B	-2.19%
07/20/2025	23,272.25	23,124.97	23,326.30	22,953.85	1.58B	0.90%
07/13/2025	23,065.47	22,780.19	23,153.21	22,669.37	1.70B	1.25%
07/06/2025	22,780.60	22,754.38	22,915.33	22,587.47	1.61B	-0.38%
06/29/2025	22,866.97	22,632.92	22,896.01	22,388.09	1.37B	1.48%
06/22/2025	22,534.20	21,632.78	22,603.22	21,532.32	2.11B	4.20%
06/15/2025	21,626.39	21,783.08	21,979.77	21,552.80	1.81B	-0.02%
06/08/2025	21,631.04	21,779.18	22,041.83	21,591.11	1.61B	-0.60%
06/01/2025	21,761.79	21,270.57	21,891.89	21,199.37	1.62B	1.97%
05/25/2025	21,340.99	21,201.45	21,611.54	21,032.56	1.66B	2.03%
05/18/2025	20,915.65	21,138.13	21,482.98	20,777.97	1.54B	-2.39%
05/11/2025	21,427.94	20,818.78	21,443.88	20,613.27	1.93B	6.81%
05/04/2025	20,061.45	19,928.82	20,249.76	19,605.07	1.64B	-0.20%
04/27/2025	20,102.61	19,432.72	20,176.60	19,011.98	1.78B	3.45%
04/20/2025	19,432.56	18,023.01	19,447.56	17,592.92	1.87B	6.43%
04/13/2025	18,258.09	19,095.49	19,115.15	17,995.96	1.45B	-2.31%
04/06/2025	18,690.05	16,771.77	19,234.02	16,542.20	3.60B	7.43%
03/30/2025	17,397.70	18,998.54	19,707.34	17,387.83	2.49B	-9.77%
03/23/2025	19,281.40	20,041.21	20,292.19	19,241.54	1.73B	-2.39%
03/16/2025	19,753.97	19,670.69	19,943.81	19,397.07	2.30B	0.25%
03/09/2025	19,704.64	19,826.96	19,867.08	19,152.57	2.18B	-2.46%
03/02/2025	20,201.37	20,989.58	21,073.80	19,736.81	2.16B	-3.27%
02/23/2025	20,884.41	21,669.36	21,727.58	20,407.45	2.16B	-3.38%
02/16/2025	21,614.08	22,176.01	22,222.61	21,597.16	1.41B	-2.26%
02/09/2025	22,114.69	21,670.06	22,139.43	21,454.19	1.60B	2.90%
02/02/2025	21,491.31	21,084.64	21,869.32	21,004.35	1.74B	0.06%
01/26/2025	21,478.05	21,000.17	21,846.01	20,974.90	2.20B	-1.36%
01/19/2025	21,774.01	21,557.82	21,945.48	21,379.06	1.27B	1.55%
01/12/2025	21,441.15	20,593.65	21,515.76	20,538.33	1.63B	2.85%
01/05/2025	20,847.58	21,551.18	21,703.49	20,718.78	1.38B	-2.24%
12/29/2024	21,326.16	21,189.10	21,359.63	20,800.50	1.07B	-0.68%
12/22/2024	21,473.02	21,364.26	21,837.70	21,224.27	898.84M	0.86%
12/15/2024	21,289.15	21,891.36	22,133.22	20,913.72	2.73B	-2.25%
12/08/2024	21,780.25	21,573.76	21,886.74	21,313.27	1.62B	0.73%
12/01/2024	21,622.25	20,971.76	21,626.31	20,971.76	1.57B	3.31%
11/24/2024	20,930.37	20,918.76	20,998.48	20,615.42	1.32B	0.74%
11/17/2024	20,776.23	20,450.21	20,814.93	20,401.26	1.59B	1.87%
11/10/2024	20,394.13	21,171.24	21,182.03	20,315.08	1.62B	-3.42%
11/03/2024	21,117.18	20,011.55	21,155.00	19,898.57	1.66B	5.41%
10/27/2024	20,033.14	20,455.01	20,600.10	19,880.26	1.65B	-1.57%
10/20/2024	20,352.02	20,280.49	20,552.82	19,934.92	1.31B	0.14%
10/13/2024	20,324.04	20,366.06	20,493.90	20,036.73	1.40B	0.26%
10/06/2024	20,271.97	19,954.66	20,314.24	19,763.04	1.28B	1.18%
09/29/2024	20,035.02	19,959.26	20,072.43	19,622.29	1.36B	0.13%
09/22/2024	20,008.62	19,848.71	20,273.30	19,739.67	1.50B	1.10%
09/15/2024	19,791.49	19,412.79	19,951.79	19,294.18	2.24B	1.42%
09/08/2024	19,514.59	18,579.80	19,556.80	18,469.40	1.46B	5.93%
09/01/2024	18,421.31	19,438.11	19,438.11	18,400.97	1.41B	-5.89%
08/25/2024	19,574.64	19,679.24	19,726.90	19,221.48	1.48B	-0.74%
08/18/2024	19,720.87	19,521.93	19,938.89	19,445.10	1.30B	1.09%
08/11/2024	19,508.52	18,548.23	19,561.24	18,433.61	1.52B	5.38%
08/04/2024	18,513.10	17,444.40	18,567.63	17,435.39	1.99B	0.39%
07/28/2024	18,440.85	19,122.43	19,538.97	18,263.50	2.02B	-3.06%
07/21/2024	19,023.66	19,751.02	19,904.60	18,721.71	1.66B	-2.56%
07/14/2024	19,522.62	20,401.02	20,585.17	19,479.38	1.62B	-3.98%
07/07/2024	20,331.49	20,393.89	20,690.97	20,165.00	1.44B	-0.30%
06/30/2024	20,391.97	19,720.11	20,406.99	19,577.54	1.02B	3.60%
06/23/2024	19,682.87	19,648.23	20,017.71	19,472.53	1.81B	-0.09%
06/16/2024	19,700.43	19,681.86	19,979.93	19,623.71	2.25B	0.21%
06/09/2024	19,659.80	18,945.31	19,664.59	18,940.71	1.48B	3.47%
06/02/2024	19,000.95	18,666.72	19,113.88	18,392.57	1.17B	2.50%
05/26/2024	18,536.65	18,855.15	18,875.20	18,189.78	1.31B	-1.44%
05/19/2024	18,808.35	18,559.22	18,907.54	18,549.84	1.14B	1.41%
05/12/2024	18,546.23	18,228.40	18,669.50	18,147.57	1.16B	2.12%
05/05/2024	18,161.18	17,950.98	18,247.61	17,937.28	1.09B	1.51%
04/28/2024	17,890.79	17,801.14	17,926.98	17,284.37	1.50B	0.97%
04/21/2024	17,718.30	17,161.11	17,772.78	17,010.26	1.36B	3.99%
04/14/2024	17,037.65	18,143.26	18,152.08	16,973.94	1.28B	-5.36%
04/07/2024	18,003.49	18,130.44	18,337.15	17,932.41	1.18B	-0.58%
03/31/2024	18,108.46	18,280.82	18,391.58	17,875.75	1.24B	-0.80%
03/24/2024	18,254.69	18,215.54	18,378.70	18,168.20	982.88M	-0.46%
03/17/2024	18,339.44	18,024.24	18,464.70	17,809.15	1.29B	2.98%
03/10/2024	17,808.25	17,959.68	18,228.37	17,764.99	1.78B	-1.17%
03/03/2024	18,018.45	18,290.10	18,416.73	17,804.49	1.45B	-1.55%
02/25/2024	18,302.91	17,970.21	18,333.26	17,840.36	1.38B	2.04%
02/18/2024	17,937.61	17,591.17	18,091.62	17,319.44	1.09B	1.42%
02/11/2024	17,685.98	17,942.28	18,041.45	17,478.23	1.26B	-1.54%
02/04/2024	17,962.40	17,634.69	17,987.90	17,469.62	1.24B	1.81%
01/28/2024	17,642.73	17,438.03	17,682.29	17,128.74	1.42B	1.27%
01/21/2024	17,421.01	17,403.62	17,665.26	17,286.02	1.27B	0.62%
01/14/2024	17,314.01	16,775.10	17,317.21	16,561.49	1.06B	2.86%
01/07/2024	16,832.92	16,354.22	16,900.37	16,349.39	1.12B	3.23%
12/31/2023	16,305.98	16,667.30	16,686.60	16,249.19	984.44M	-3.09%
12/24/2023	16,825.93	16,816.78	16,969.17	16,757.88	677.15M	0.29%
12/17/2023	16,777.40	16,631.11	16,860.68	16,552.06	1.14B	0.93%
12/10/2023	16,623.45	16,069.62	16,669.77	16,061.87	2.20B	3.35%
12/03/2023	16,084.69	15,837.12	16,100.86	15,695.58	1.23B	0.54%
11/26/2023	15,997.58	15,969.72	16,166.51	15,825.67	1.38B	0.10%
11/19/2023	15,982.01	15,845.20	16,119.31	15,844.83	767.38M	0.91%
11/12/2023	15,837.99	15,469.21	15,904.63	15,404.71	1.30B	1.99%
11/05/2023	15,529.12	15,137.17	15,535.20	15,064.91	1.24B	2.85%
10/29/2023	15,099.49	14,283.98	15,149.78	14,225.86	1.36B	6.48%
10/22/2023	14,180.42	14,514.11	14,774.16	14,058.33	1.34B	-2.61%
10/15/2023	14,560.88	15,054.48	15,209.50	14,552.12	1.26B	-2.90%
10/08/2023	14,995.12	14,871.57	15,333.98	14,816.32	1.08B	0.15%
10/01/2023	14,973.24	14,717.90	15,021.38	14,504.14	1.18B	1.75%
09/24/2023	14,715.24	14,662.69	14,901.85	14,432.60	1.17B	0.10%
09/17/2023	14,701.10	15,161.17	15,268.96	14,686.84	1.15B	-3.30%
09/10/2023	15,202.40	15,409.77	15,512.82	15,173.71	1.69B	-0.51%
09/03/2023	15,280.23	15,460.52	15,556.85	15,138.73	943.30M	-1.36%
08/27/2023	15,490.86	15,035.48	15,618.85	14,948.92	1.18B	3.67%
08/20/2023	14,941.83	14,762.01	15,279.24	14,715.36	1.22B	1.68%
08/13/2023	14,694.84	14,988.42	15,206.26	14,557.83	1.13B	-2.22%
08/06/2023	15,028.07	15,355.62	15,410.85	14,973.67	1.11B	-1.62%
07/30/2023	15,274.92	15,774.30	15,803.55	15,258.69	1.30B	-3.02%
07/23/2023	15,750.93	15,475.15	15,795.51	15,374.66	1.31B	2.11%
07/16/2023	15,425.67	15,608.28	15,932.05	15,410.57	1.90B	-0.90%
07/09/2023	15,565.60	15,031.95	15,720.05	14,924.64	1.29B	3.52%
07/02/2023	15,036.85	15,190.54	15,275.18	14,969.14	856.51M	-0.94%
06/25/2023	15,179.21	14,866.66	15,213.75	14,687.02	1.33B	1.93%
06/18/2023	14,891.48	15,036.48	15,127.42	14,794.95	1.26B	-1.28%
06/11/2023	15,083.92	14,617.35	15,284.65	14,571.36	1.96B	3.82%
06/04/2023	14,528.36	14,550.13	14,672.85	14,283.88	1.35B	-0.13%
05/28/2023	14,546.64	14,465.59	14,595.81	14,216.16	1.51B	1.74%
05/21/2023	14,298.41	13,805.33	14,329.49	13,520.92	1.41B	3.59%
05/14/2023	13,803.49	13,352.26	13,874.42	13,297.85	1.21B	3.47%
05/07/2023	13,340.17	13,247.09	13,427.42	13,193.08	1.20B	0.61%
04/30/2023	13,259.13	13,229.12	13,291.11	12,938.45	1.23B	0.10%
04/23/2023	13,245.99	12,981.71	13,247.39	12,724.24	1.37B	1.89%
04/16/2023	13,000.77	13,053.26	13,196.18	12,899.64	1.09B	-0.60%
04/09/2023	13,079.52	12,936.52	13,152.29	12,833.31	1.08B	0.13%
04/02/2023	13,062.60	13,084.10	13,204.08	12,846.03	951.62M	-0.90%
03/26/2023	13,181.35	12,797.89	13,188.83	12,517.87	1.24B	3.25%
03/19/2023	12,767.05	12,487.79	12,943.62	12,407.82	1.43B	1.97%
03/12/2023	12,519.88	11,752.10	12,674.34	11,695.41	2.08B	5.83%
03/05/2023	11,830.28	12,344.65	12,466.88	11,789.86	1.32B	-3.75%
02/26/2023	12,290.81	12,106.79	12,300.46	11,830.09	1.32B	2.68%
02/19/2023	11,969.65	12,205.21	12,257.06	11,900.84	1.11B	-3.14%
02/12/2023	12,358.18	12,356.50	12,689.34	12,233.79	1.34B	0.43%
02/05/2023	12,304.92	12,468.80	12,771.58	12,204.21	1.46B	-2.14%
01/29/2023	12,573.36	12,047.16	12,880.98	11,906.11	1.70B	3.34%
01/22/2023	12,166.60	11,652.00	12,248.15	11,550.07	1.38B	4.71%
01/15/2023	11,619.03	11,531.54	11,690.27	11,251.94	1.14B	0.67%
01/08/2023	11,541.48	11,133.07	11,547.96	11,050.68	1.28B	4.54%
01/01/2023	11,040.35	11,038.42	11,093.10	10,696.42	1.18B	0.92%
12/25/2022	10,939.76	10,944.30	10,981.06	10,671.19	886.80M	-0.42%
12/18/2022	10,985.45	11,243.00	11,285.78	10,784.01	1.29B	-2.30%
12/11/2022	11,243.72	11,572.26	12,166.41	11,175.54	2.08B	-2.76%
12/04/2022	11,563.33	11,899.54	11,957.36	11,431.96	1.17B	-3.59%
11/27/2022	11,994.26	11,684.07	12,115.34	11,450.34	1.42B	2.03%
11/20/2022	11,756.03	11,623.35	11,866.42	11,503.34	720.09M	0.68%
11/13/2022	11,677.02	11,728.11	12,024.95	11,519.38	1.30B	-1.18%
11/06/2022	11,817.01	10,900.83	11,840.07	10,790.35	1.60B	8.84%
10/30/2022	10,857.03	11,465.21	11,574.39	10,632.39	1.57B	-5.97%
10/23/2022	11,546.21	11,321.11	11,681.85	11,166.49	1.59B	2.09%
10/16/2022	11,310.33	10,967.25	11,374.38	10,959.75	1.33B	5.78%
10/09/2022	10,692.06	11,048.51	11,152.89	10,440.64	1.42B	-3.15%
10/02/2022	11,039.47	11,059.17	11,660.55	10,985.01	1.34B	0.62%
09/25/2022	10,971.22	11,283.14	11,546.87	10,966.95	1.41B	-3.01%
09/18/2022	11,311.24	11,753.60	12,062.52	11,169.66	1.25B	-4.64%
09/11/2022	11,861.38	12,649.23	12,752.83	11,710.25	1.87B	-5.77%
09/04/2022	12,588.29	12,106.57	12,610.43	11,928.81	941.72M	4.05%
08/28/2022	12,098.44	12,488.46	12,594.34	12,012.98	1.29B	-4.02%
08/21/2022	12,605.17	13,056.39	13,175.25	12,603.41	1.10B	-4.82%
08/14/2022	13,242.90	13,529.66	13,720.91	13,210.82	982.54M	-2.38%
08/07/2022	13,565.87	13,227.09	13,565.87	12,945.60	1.08B	2.71%
07/31/2022	13,207.69	12,877.04	13,326.72	12,809.01	1.16B	2.01%
07/24/2022	12,947.97	12,391.21	12,986.64	12,051.21	1.32B	4.45%
07/17/2022	12,396.47	12,089.68	12,662.86	11,836.52	1.20B	3.45%
07/10/2022	11,983.62	12,008.76	12,026.06	11,488.27	1.08B	-1.17%
07/03/2022	12,125.69	11,419.34	12,179.32	11,366.07	851.83M	4.66%
06/26/2022	11,585.68	12,157.93	12,175.98	11,322.86	1.17B	-4.30%
06/19/2022	12,105.85	11,446.99	12,112.82	11,423.20	1.18B	7.45%
06/12/2022	11,265.99	11,472.19	11,751.29	11,037.21	1.84B	-4.79%
06/05/2022	11,832.82	12,745.89	12,804.46	11,825.35	1.10B	-5.70%
05/29/2022	12,548.03	12,688.95	12,897.63	12,447.77	1.08B	-1.05%
05/22/2022	12,681.42	11,867.08	12,682.58	11,576.11	1.18B	7.15%
05/15/2022	11,835.62	12,297.07	12,572.99	11,492.29	1.30B	-4.45%
05/08/2022	12,387.40	12,465.91	12,542.32	11,692.12	1.52B	-2.41%
05/01/2022	12,693.54	12,864.83	13,556.67	12,522.77	1.36B	-1.25%
04/24/2022	12,854.80	13,275.41	13,542.56	12,835.48	1.37B	-3.76%
04/17/2022	13,356.87	13,859.47	14,277.21	13,342.79	1.06B	-3.86%
04/10/2022	13,893.21	14,149.60	14,264.74	13,882.75	818.25M	-3.03%
04/03/2022	14,327.26	14,903.38	15,161.88	14,307.68	1.04B	-3.59%
03/27/2022	14,861.21	14,763.16	15,265.42	14,705.92	1.12B	0.72%
03/20/2022	14,754.31	14,377.15	14,805.88	14,190.53	1.12B	2.32%
03/13/2022	14,420.08	13,248.09	14,427.46	13,020.40	1.69B	8.41%
03/06/2022	13,301.83	13,853.53	13,879.10	13,129.40	1.35B	-3.87%
02/27/2022	13,837.83	14,058.61	14,342.56	13,738.61	1.28B	-2.48%
02/20/2022	14,189.16	13,892.81	14,193.00	13,065.44	1.13B	1.28%
02/13/2022	14,009.54	14,233.40	14,647.79	13,918.76	1.16B	-1.71%
02/06/2022	14,253.84	14,716.43	15,057.90	14,194.54	1.18B	-3.00%
01/30/2022	14,694.35	14,505.07	15,196.40	14,442.88	1.39B	1.66%
01/23/2022	14,454.61	14,160.91	14,646.54	13,724.85	1.60B	0.11%
01/16/2022	14,438.40	15,378.06	15,446.29	14,432.64	1.15B	-7.51%
01/09/2022	15,611.59	15,383.18	16,017.39	15,165.53	1.12B	0.12%
01/02/2022	15,592.19	16,395.51	16,513.87	15,526.80	1.14B	-4.46%
12/26/2021	16,320.08	16,361.07	16,607.19	16,317.26	694.68M	0.07%
12/19/2021	16,308.21	15,566.83	16,360.75	15,508.74	753.21M	3.21%
12/12/2021	15,801.46	16,317.90	16,340.53	15,664.10	1.59B	-3.25%
12/05/2021	16,331.98	15,744.91	16,413.28	15,557.78	1.11B	3.95%
11/28/2021	15,712.04	16,263.43	16,454.56	15,543.31	1.43B	-1.96%
11/21/2021	16,025.58	16,644.77	16,764.86	15,988.95	815.00M	-3.31%
11/14/2021	16,573.34	16,227.01	16,625.86	16,096.37	986.03M	2.31%
11/07/2021	16,199.88	16,351.49	16,401.93	15,905.28	888.22M	-0.97%
10/31/2021	16,359.38	15,879.61	16,454.48	15,785.31	980.24M	3.21%
10/24/2021	15,850.47	15,417.25	15,856.90	15,338.49	963.88M	3.23%
10/17/2021	15,355.07	15,091.58	15,497.58	15,074.71	766.66M	1.37%
10/10/2021	15,146.92	14,765.69	15,150.14	14,636.33	842.62M	2.20%
10/03/2021	14,820.75	14,713.60	15,010.32	14,384.93	886.76M	0.20%
09/26/2021	14,791.87	15,205.23	15,240.58	14,555.12	973.54M	-3.51%
09/19/2021	15,329.68	15,068.65	15,356.92	14,821.03	828.22M	-0.02%
09/12/2021	15,333.47	15,545.66	15,562.28	15,291.04	1.15B	-0.69%
09/05/2021	15,440.75	15,662.30	15,701.40	15,433.43	627.56M	-1.36%
08/29/2021	15,652.86	15,460.93	15,696.42	15,459.74	797.17M	1.42%
08/22/2021	15,432.95	15,140.14	15,447.03	15,140.14	776.08M	2.26%
08/15/2021	15,092.57	15,090.05	15,142.03	14,773.19	832.24M	-0.29%
08/08/2021	15,136.68	15,136.13	15,169.45	14,956.25	718.38M	0.18%
08/01/2021	15,109.36	15,046.10	15,184.27	14,864.53	823.25M	1.00%
07/25/2021	14,959.90	15,088.28	15,142.35	14,787.80	957.73M	-1.01%
07/18/2021	15,111.79	14,517.96	15,125.84	14,455.07	940.28M	2.93%
07/11/2021	14,681.38	14,878.71	15,002.28	14,667.10	762.13M	-0.98%
07/04/2021	14,826.09	14,755.15	14,891.19	14,551.76	655.67M	0.67%
06/27/2021	14,727.63	14,401.63	14,738.14	14,400.59	757.66M	2.67%
06/20/2021	14,345.18	14,055.04	14,429.14	13,967.89	836.58M	2.10%
06/13/2021	14,049.58	14,002.14	14,205.43	13,843.60	1.06B	0.37%
06/06/2021	13,998.30	13,744.15	13,998.65	13,710.11	771.76M	1.65%
05/30/2021	13,770.78	13,764.27	13,784.77	13,469.85	615.30M	0.62%
05/23/2021	13,686.51	13,504.39	13,765.80	13,500.12	934.75M	2.05%
05/16/2021	13,411.74	13,329.87	13,573.84	12,994.35	879.27M	0.14%
05/09/2021	13,393.12	13,647.73	13,648.49	12,967.18	1.02B	-2.38%
05/02/2021	13,719.63	13,923.04	13,955.00	13,396.11	932.24M	-1.02%
04/25/2021	13,860.76	13,954.94	14,073.48	13,836.10	936.86M	-0.58%
04/18/2021	13,941.44	13,970.83	14,025.64	13,716.76	850.56M	-0.72%
04/11/2021	14,041.91	13,792.74	14,050.38	13,747.63	877.19M	1.42%
04/04/2021	13,845.05	13,434.04	13,849.31	13,420.81	810.99M	3.87%
03/28/2021	13,329.51	12,950.51	13,333.41	12,798.03	807.34M	2.70%
03/21/2021	12,979.12	12,943.14	13,180.66	12,627.92	1.09B	0.87%
03/14/2021	12,866.99	12,936.13	13,297.48	12,704.07	1.39B	-0.54%
03/07/2021	12,937.29	12,629.56	13,117.87	12,287.57	1.14B	2.12%
02/28/2021	12,668.51	13,106.02	13,301.62	12,208.39	1.24B	-1.87%
02/21/2021	12,909.44	13,414.04	13,447.37	12,758.12	1.27B	-4.94%
02/14/2021	13,580.78	13,841.03	13,879.78	13,477.17	694.83M	-1.64%
02/07/2021	13,807.70	13,672.33	13,816.25	13,531.93	803.05M	1.50%
01/31/2021	13,603.96	13,067.65	13,642.96	12,983.10	939.98M	5.25%
01/24/2021	12,925.38	13,515.63	13,563.70	12,845.43	1.28B	-3.30%
01/17/2021	13,366.40	12,921.61	13,433.69	12,861.30	798.70M	4.39%
01/10/2021	12,803.93	12,961.50	13,037.05	12,758.10	1.03B	-2.30%
01/03/2021	13,105.20	12,950.22	13,113.09	12,537.42	1.10B	1.68%
12/27/2020	12,888.28	12,813.97	12,925.53	12,747.05	596.03M	1.39%
12/20/2020	12,711.01	12,575.60	12,761.23	12,474.03	611.70M	-0.21%
12/13/2020	12,738.18	12,427.86	12,793.47	12,426.25	1.45B	2.93%
12/06/2020	12,375.41	12,523.57	12,651.35	12,226.13	918.90M	-1.22%
11/29/2020	12,528.48	12,278.78	12,538.92	12,090.93	1.11B	2.20%
11/22/2020	12,258.21	11,959.89	12,306.71	11,817.53	667.16M	2.95%
11/15/2020	11,906.44	11,925.36	12,047.13	11,842.67	980.97M	-0.26%
11/08/2020	11,937.84	12,194.71	12,268.66	11,512.46	1.12B	-1.27%
11/01/2020	12,091.35	11,152.48	12,117.04	10,957.11	1.04B	9.39%
10/25/2020	11,052.95	11,584.17	11,708.08	10,960.02	1.09B	-5.47%
10/18/2020	11,692.57	11,913.01	11,962.46	11,529.73	821.08M	-1.35%
10/11/2020	11,852.17	11,900.12	12,204.75	11,765.49	963.47M	1.08%
10/04/2020	11,725.85	11,345.24	11,727.60	11,256.26	857.22M	4.18%
09/27/2020	11,255.69	11,332.32	11,606.73	11,225.17	1.04B	0.94%
09/20/2020	11,151.13	10,768.01	11,207.08	10,677.85	1.17B	1.96%
09/13/2020	10,936.98	11,250.80	11,495.40	10,769.39	1.48B	-1.36%
09/06/2020	11,087.40	11,143.91	11,566.34	10,945.22	1.08B	-4.60%
08/30/2020	11,622.13	12,017.46	12,439.48	11,145.99	1.52B	-3.12%
08/23/2020	11,995.86	11,703.34	12,047.99	11,535.55	862.75M	3.81%
08/16/2020	11,555.16	11,231.97	11,574.79	11,228.14	820.26M	3.50%
08/09/2020	11,164.45	11,153.51	11,271.22	10,855.06	854.47M	0.22%
08/02/2020	11,139.39	11,018.02	11,282.24	10,997.67	874.96M	2.14%
07/26/2020	10,905.88	10,547.11	10,908.34	10,527.43	995.27M	4.03%
07/19/2020	10,483.13	10,672.96	11,017.43	10,313.94	998.67M	-1.52%
07/12/2020	10,645.22	10,951.54	11,069.26	10,370.79	945.53M	-1.76%
07/05/2020	10,836.33	10,487.70	10,842.78	10,485.82	844.61M	4.78%
06/28/2020	10,341.89	9,850.54	10,432.55	9,742.89	741.54M	5.00%
06/21/2020	9,849.36	10,009.00	10,306.90	9,837.74	1.18B	-1.59%
06/14/2020	10,008.64	9,517.14	10,121.67	9,489.58	1.32B	3.57%
06/07/2020	9,663.78	9,805.69	10,155.20	9,499.09	1.17B	-1.63%
05/31/2020	9,824.39	9,526.43	9,846.63	9,511.88	1.04B	2.81%
05/24/2020	9,555.53	9,570.53	9,573.55	9,182.45	1.01B	1.50%
05/17/2020	9,413.99	9,281.36	9,515.05	9,248.78	921.05M	2.86%
05/10/2020	9,152.64	9,155.21	9,354.45	8,860.77	1.06B	-0.73%
05/03/2020	9,220.35	8,683.94	9,224.49	8,665.40	869.15M	5.76%
04/26/2020	8,718.18	8,865.58	9,025.82	8,668.67	1.14B	-0.78%
04/19/2020	8,786.60	8,742.54	8,855.18	8,359.84	1.05B	-0.52%
04/12/2020	8,832.41	8,209.68	8,879.24	8,158.58	1.18B	7.21%
04/05/2020	8,238.53	7,819.06	8,334.23	7,763.09	1.09B	9.44%
03/29/2020	7,528.11	7,678.83	8,011.60	7,423.97	1.30B	-0.79%
03/22/2020	7,588.37	6,952.71	7,913.11	6,771.91	1.72B	8.49%
03/15/2020	6,994.29	7,502.26	7,563.45	6,837.53	2.16B	-12.52%
03/08/2020	7,995.26	7,912.14	8,376.44	7,255.62	1.91B	-6.27%
03/01/2020	8,530.34	8,569.91	9,000.46	8,319.90	1.53B	0.81%
02/23/2020	8,461.83	9,055.30	9,194.91	8,133.85	1.63B	-10.43%
02/16/2020	9,446.69	9,567.28	9,736.57	9,406.38	662.19M	-1.84%
02/09/2020	9,623.58	9,373.20	9,636.41	9,373.20	780.58M	2.37%
02/02/2020	9,401.10	9,033.52	9,453.24	9,031.07	896.13M	4.56%
01/26/2020	8,991.51	8,913.16	9,170.22	8,910.97	923.52M	-1.64%
01/19/2020	9,141.47	9,145.64	9,272.37	9,101.44	700.84M	-0.35%
01/12/2020	9,173.73	9,007.94	9,176.47	8,991.35	775.57M	2.31%
01/05/2020	8,966.64	8,713.89	9,024.87	8,713.89	743.27M	1.96%